4.46309
8.14714
8.15736
8.16032
8.17054
8.884400000000001
8.897730000000001
8.95647
8.96651
9.270349999999999
1.3459999999999999
0.88981
0.89861
0.90741
1.3946
1.4032
3.6260000000000003
3.6346
3.6432
3.6518000000000006
7.347700000000001
1.18402
1.19142
2.28504
2.29264
2.30204
2.30944
2.38004
2.38744
2.39684
2.40444
4.11197
4.12203
4.13366
4.14387
4.15549
4.16561
1.259
2.358
1.90497
2.213
1.46011
1.47222
3.7493
3.76138
3.77356
3.78567
3.22598
3.23448
3.24298
3.75579
3.76332
3.77085
2.83444
2.84396
2.85557
2.86519
2.92441
2.92956
2.94553
2.95078
3.98154
3.98679
3.99105
3.9963
2.65263
2.66315
2.67435
2.68486
2.78746
2.79136
2.80918
2.81308
3.87861
3.88262
3.88921
3.89312
4.562729999999999
4.56875
4.57499
4.74921
4.75507
4.76089
6.12059
6.126849999999999
8.241959999999999
8.49322
2.5394
2.5478
2.5564
3.1685999999999996
3.177
3.1856
3.25568
3.89742
3.21502
7.05229
8.01559
3.19439
3.0223
3.91904
3.02904
3.9363
3.034
4.04203
2.715
1.16075
1.1696
1.17845
3.62754
3.6364
3.64529
3.65411
8.44799
3.22288
3.2331
3.23464
3.24485
3.37865
3.39005
3.40205
3.41145
3.46605
3.47765
3.48925
3.51485
3.51966
3.52686
3.53186
3.87747
3.88006
3.89266
3.89526
4.63088
4.64107
5.21989
5.22469
3.73781
3.74579
3.7497
3.75766
2.10507
2.11054
2.11928
2.13139
2.14388
2.42089
2.43402
2.44631
2.45971
3.75055
3.76001
3.76954
3.53172
3.54254
3.5513
3.56214
3.6263
3.63347
3.64589
3.65302
3.76085
3.7645
3.77165
3.77879
3.78245
3.55406
3.78137
3.86132
3.86809
3.87061
3.87738
8.18483
8.204369999999999
7.25528
8.10945
0.91802
0.92682
0.93562
0.99302
1.00122
3.65422
3.66095
1.1622000000000001
1.1698
1.31462
1.32282
4.09627
4.10447
4.11267
4.12067
0.93899
0.94652
0.95099
0.95852
3.71207
3.71894
3.72482
3.73098
3.01185
3.02085
3.03005
3.73784
3.74774
3.75766
3.35026
2.12199
2.61961
2.62904
2.63854
3.83772
3.84471
3.84658
3.85357
2.601
2.839
3.25172
3.26354
3.2754
3.51321
3.51691
3.52538
3.52911
4.04295
4.04661
4.05034
2.91696
3.71561
2.9180000000000006
4.0874
3.65699
3.73416
7.33217
7.34526
7.35552
7.39116
7.40399
7.41542
2.12962
3.18437
2.13617
3.20768
3.203
3.03008
3.04259
3.05507
3.76049
3.77053
3.78061
0.882652
0.919549
2.3974
2.40578
2.41418
3.97171
3.52268
7.28135
7.29129
7.29771
7.35737
7.36666
7.37593
3.10284
3.11296
3.12089
3.131
3.25798
3.2641
3.27593
3.28215
3.9799499999999997
3.9861199999999997
3.9899999999999998
3.9961699999999998
7.3101
7.31941
7.36349
7.37254
7.38151
7.4046
7.41378
7.42289
3.71604
7.08841
8.086
3.30845
3.31725
3.32285
3.32625
3.33185
3.34065
4.11095
4.11911
4.12187
4.12994
1.12249
1.13349
3.413
3.42442
3.43233
3.44384
3.51615
3.52318
3.5355
3.54251
1.7613
3.0447
2.368
3.82186
3.82815
3.83162
3.83789
3.93997
3.94979
3.96319
3.96932
3.2344
2.39098
3.24505
3.25285
3.26065
3.41086
3.41866
3.42646
1.31402
1.32202
3.56892
3.57724
4.23887
4.24647
4.25227
4.25407
4.26007
4.26767
4.44404
8.84427
9.12464
2.87917
3.24973
3.27245
3.28614
3.29863
3.31232
3.45288
3.46099
3.47906
3.48717
4.02469
4.03284
4.03834
4.04648
7.30249
7.51998
7.53369
7.71362
7.72678
2.91345
2.92551
2.93763
3.21964
3.2318
3.24391
6.89537
6.90936
7.20881
7.22289
3.00664
3.0155600000000002
3.02409
3.03301
3.17258
3.17901
3.19004
3.19647
3.92152
3.9281800000000002
3.9303999999999997
3.93696
6.88879
6.89841
7.17947
7.1893
2.079
0.97482
0.98322
1.02662
1.03482